byte offset: 0
first index: 85527
index count: 3336
topology: trianglelist
format: DXGI_FORMAT_R16_UINT

27288 27289 27290
27291 27290 27289
27289 27288 27292
27292 27288 27293
27293 27288 27294
27293 27294 27295
27296 27290 27291
27297 27290 27296
27298 27290 27297
27298 27297 27299
27298 27299 27300
27301 27295 27294
27302 27295 27301
27303 27302 27301
27303 27301 27304
27305 27303 27304
27305 27304 27306
27305 27306 27307
27308 27305 27307
27309 27308 27307
27309 27307 27310
27311 27309 27310
27312 27309 27311
27311 27313 27312
27313 27314 27312
27314 27315 27312
27316 27317 27318
27316 27319 27317
27320 27318 27317
27319 27316 27321
27316 27322 27321
27322 27323 27324
27324 27323 27325
27326 27325 27323
27327 27328 27320
27328 27327 27329
27329 27330 27328
27330 27329 27331
27332 27330 27331
27330 27332 27333
27334 27333 27332
27333 27334 27335
27336 27335 27334
27337 27336 27334
27338 27336 27337
27339 27338 27337
27337 27340 27339
27341 27339 27340
27341 27342 27339
27343 27342 27341
27341 27344 27343
27345 27346 26209
26209 27347 27345
27347 26209 27348
27349 27348 26209
27348 27349 27350
27350 27351 27348
27351 27350 27352
27352 27353 27351
27353 27352 27354
27347 27348 27355
27348 27351 27355
27356 27351 27353
27351 27356 27355
27357 27355 27356
27355 27357 27358
27358 27347 27355
27356 27359 27357
27359 27356 27360
27353 27360 27356
27361 27359 27360
27360 27353 27362
27354 27362 27353
27362 27363 27360
27364 27363 27362
27362 27354 27364
27363 27364 27365
27366 27361 27360
27363 27366 27360
27366 27367 27361
27363 27368 27366
27367 27369 27361
27370 27361 27369
27371 27368 27363
27363 27372 27371
27373 27372 27363
27373 27363 27365
27374 27373 27365
27375 27372 27373
27373 27376 27375
27376 27377 27375
27378 27377 27376
27376 27373 27378
27377 27378 27379
27380 27379 27378
27373 27380 27378
27380 27373 27374
27379 27380 27381
27380 27382 27381
27382 27380 27383
27383 27384 27382
27384 27383 27385
27386 27384 27385
27387 27380 27374
27380 27387 27383
27387 27385 27383
27374 27388 27387
27389 27387 27388
27385 27387 27389
27388 27390 27389
27390 27385 27389
27385 27390 27386
27390 27388 27391
27390 27392 27386
27392 27393 27386
27384 27386 27393
27394 27393 27392
27392 27395 27394
27395 27396 27391
27395 27392 27396
27392 27390 27396
27391 27396 27390
27391 27397 27395
27395 27398 27394
27398 27399 27394
27400 27399 27398
27398 27401 27400
27401 27402 27400
27402 27403 27400
27404 27403 27402
27402 27405 27404
27405 27406 27404
27406 27407 27404
27408 27407 27406
27407 27408 27409
27408 27410 27409
27411 27410 27408
27406 27411 27408
27410 27411 27412
27412 27411 27413
27406 27405 27413
27411 27406 27413
27413 27405 27414
27413 27415 27412
27414 27415 27413
27416 27414 27405
27405 27402 27416
27402 27401 27416
27416 27401 27417
27417 27414 27416
27415 27418 27412
27418 27419 27412
27419 27420 27412
27420 27410 27412
27420 27419 27421
27422 27421 27419
27419 27423 27422
27423 27419 27418
27423 27418 27424
27425 27422 27423
27410 27420 27426
27421 27426 27420
27426 27421 27427
27428 27426 27427
27409 27426 27428
27421 27429 27427
27429 27421 27422
27425 27429 27422
27430 27427 27429
27427 27430 27428
27429 27425 27431
27431 27425 27423
27432 27429 27431
27430 27429 27432
27432 27431 27433
27431 27434 27433
27433 27434 27435
27424 27436 27423
27436 27431 27423
27424 27437 27436
27431 27436 27437
27437 27435 27434
27434 27431 27437
27437 27424 27438
27438 27424 27439
27438 27440 27437
27435 27437 27440
27441 27435 27440
27441 27440 27442
27443 27441 27442
27444 27443 27442
27442 27445 27444
27446 27445 27442
27442 27440 27446
27440 27438 27446
27445 27446 27447
27447 27448 27445
27448 27447 27449
27450 27449 27447
27449 27450 27451
27452 27451 27450
27451 27452 27453
27454 27447 27446
27447 27454 27450
27450 27454 27455
27450 27455 27452
27448 27456 27445
27456 27457 27445
27458 27444 27445
27457 27458 27445
27448 27459 27456
27448 27460 27459
27453 27452 27461
27452 27455 27461
27461 27462 27453
27462 27463 27453
27462 27464 27463
27465 27464 27462
27465 27466 27464
27466 27467 27464
27466 27468 27467
27469 27467 27468
27467 27469 27470
27464 27467 27470
27470 27471 27464
27468 27472 27469
27472 27468 27473
27468 27466 27474
27474 27473 27468
27473 27474 27475
27476 27475 27474
27475 27476 27477
27439 27477 27476
27477 27439 27478
27424 27478 27439
27474 27466 27479
27479 27476 27474
27476 27480 27439
27480 27476 27481
27481 27476 27479
27481 27454 27480
27446 27480 27454
27480 27446 27438
27438 27439 27480
27454 27481 27455
27461 27481 27479
27481 27461 27455
27479 27462 27461
27462 27479 27465
27465 27479 27466
27424 27418 27478
27478 27482 27477
27483 27477 27482
27482 27484 27483
27485 27483 27484
27483 27485 27486
27487 27486 27485
27486 27487 27488
27484 27482 27489
27490 27489 27482
27489 27490 27491
27415 27491 27490
27415 27490 27418
27491 27415 27414
27485 27492 27487
27492 27485 27493
27484 27493 27485
27494 27492 27493
27492 27494 27495
27493 27496 27494
27496 27493 27497
27493 27484 27497
27489 27497 27484
27497 27498 27496
27498 27497 27499
27497 27489 27499
27491 27499 27489
27499 27500 27498
27500 27499 27501
27499 27491 27501
27501 27397 27500
27397 27501 27417
27491 27417 27501
27417 27491 27414
27502 27397 27417
27503 27495 27494
27495 27503 27504
27505 27504 27503
27504 27505 27506
27503 27507 27505
27507 27503 27508
27508 27509 27507
27509 27508 27510
27510 27511 27509
27511 27510 27512
27512 27388 27511
27388 27512 27391
27494 27508 27503
27508 27494 27496
27496 27510 27508
27510 27496 27498
27498 27512 27510
27512 27498 27500
27500 27391 27512
27391 27500 27397
27365 27511 27388
27388 27374 27365
27511 27365 27364
27364 27509 27511
27509 27364 27354
27354 27507 27509
27507 27354 27352
27352 27505 27507
27505 27352 27350
27350 27506 27505
27506 27350 27349
27397 27502 27395
27398 27395 27502
27401 27398 27502
27417 27401 27502
27513 27514 27515
27516 27515 27514
27514 27517 27516
27517 27514 27518
27513 27515 27519
27520 27513 27519
27513 27520 27521
27518 27522 27517
27522 27523 27517
27523 27522 27524
27525 27523 27524
27526 27525 27524
27527 27525 27526
27528 27525 27527
27529 27525 27528
27530 27529 27528
27531 27532 27533
27532 27534 27533
27533 27534 27535
27536 27531 27533
27537 27538 27539
27540 27538 27537
27541 27542 27543
27544 27541 27543
27544 27545 27541
27545 27544 27546
27544 27543 27547
27541 27548 27542
27541 27549 27548
27549 27541 27550
27550 27551 27549
27551 27550 27552
27541 27553 27550
27553 27541 27545
27546 27554 27545
27554 27546 27555
27555 27556 27554
27557 27554 27556
27554 27557 27558
27545 27558 27553
27558 27545 27554
27556 27555 27559
27556 27560 27557
27560 27556 27561
27559 27561 27556
27561 27562 27560
27562 27561 27563
27564 27563 27561
27561 27559 27564
27563 27564 27565
27564 27566 27565
27566 27564 27567
27559 27567 27564
27567 27568 27566
27568 27567 27569
27555 27570 27559
27570 27569 27567
27567 27559 27570
27570 27555 27571
27571 27572 27570
27569 27570 27572
27572 27571 27573
27574 27573 27571
27571 27546 27574
27544 27574 27546
27574 27544 27575
27544 27576 27575
27575 27576 27577
27544 27547 27576
27575 27577 27578
27575 27578 27579
27579 27580 27575
27580 27579 27581
27581 27582 27580
27583 27575 27580
27575 27583 27574
27573 27574 27583
27546 27571 27555
27584 27585 27586
27585 27584 27587
27585 27588 27586
27588 27585 27589
27589 27590 27588
27590 27589 27591
27592 27593 27594
27593 27592 27595
27596 27594 27593
27594 27596 27597
27596 27598 27597
27598 27596 27599
27600 27601 27602
27601 27600 27603
27604 27600 27605
27606 27604 27605
27607 27608 27609
27608 27607 27610
27609 27611 27607
27611 27609 27612
27613 27611 27612
27611 27613 27614
27615 27608 27610
27608 27615 27616
27615 27617 27616
27617 27615 27618
27619 27620 27621
27620 27619 27622
27621 27623 27619
27623 27621 27624
27625 27623 27624
27623 27625 27626
27627 27628 27629
27630 27628 27627
27631 27628 27630
27628 27631 27632
27633 27627 27629
27634 27633 27629
27632 27631 27635
27636 27633 27634
27633 27636 27637
27638 27633 27637
27633 27638 27627
27638 27630 27627
27630 27638 27639
27640 27630 27639
27630 27640 27631
27641 27631 27640
27631 27641 27642
27631 27642 27635
27642 27643 27635
27644 27643 27642
27645 27643 27644
27646 27645 27644
27647 27642 27641
27642 27647 27644
27648 27636 27634
27634 27649 27648
27648 27649 27650
27650 27649 27651
27652 27650 27651
27651 27653 27652
27653 27651 27654
27654 27655 27653
27656 27648 27650
27652 27656 27650
27648 27656 27657
27636 27648 27657
27656 27652 27658
27652 27659 27658
27659 27652 27653
27653 27660 27659
27660 27653 27661
27653 27655 27661
27661 27655 27662
27663 27661 27662
27664 27663 27662
27665 27663 27664
27661 27666 27660
27666 27661 27663
27667 27668 27669
27670 27667 27669
27667 27670 27671
27672 27667 27671
27667 27672 27673
27668 27667 27673
27674 27670 27669
27670 27674 27675
27670 27676 27671
27676 27672 27671
27676 27670 27677
27675 27677 27670
27672 27676 27678
27677 27675 27679
27679 27680 27677
27680 27679 27681
27681 27682 27680
27683 27680 27682
27682 27684 27683
27684 27682 27685
27680 27683 27686
27686 27677 27680
27677 27686 27676
27686 27678 27676
27685 27687 27684
27687 27685 27688
27684 27689 27683
27689 27684 27690
27691 27685 27682
27682 27681 27691
27685 27691 27692
27692 27688 27685
27693 27683 27689
27683 27693 27686
27678 27686 27693
26262 27684 27687
27684 26262 27690
27688 27692 27694
27695 27696 27697
27696 27695 27698
27699 27700 27701
27702 27703 27704
27703 27702 27705
27706 27705 27702
27705 27706 27707
27708 27707 27706
27707 27708 27709
27710 27709 27708
27709 27710 27711
27712 27711 27710
27711 27712 27713
27714 27715 27716
27717 27718 27719
27718 27717 27720
27721 27722 27723
27722 27721 27724
27725 27726 27727
27726 27725 27728
27729 27730 27731
27730 27729 27732
27733 27731 27730
27731 27733 27734
27735 27734 27733
27734 27735 27736
27737 27732 27729
27732 27737 27738
27739 27740 27741
27739 27741 27742
27743 27744 27745
27744 27743 27746
27747 27748 27749
27748 27747 27750
27751 27752 27753
27752 27751 27754
27753 27755 27751
27755 27753 27756
27756 27757 27755
27757 27756 27758
27754 27759 27752
27759 27754 27760
27761 27762 27763
27762 27761 27764
27765 27762 27764
27762 27765 27766
27767 27768 27769
27768 27767 27770
27771 27772 27773
27772 27771 27774
27409 27410 27426
27775 27776 27777
27778 27777 27776
27777 27779 27775
27779 27780 27775
27780 27781 27775
27780 27782 27781
27783 27778 27776
27784 27783 27776
27785 27784 27776
27785 27786 27784
27785 27787 27786
27788 27781 27782
27789 27788 27782
27790 27788 27789
27790 27791 27788
27792 27791 27790
27792 27793 27791
27792 27794 27793
27795 27794 27792
27796 27794 27795
27796 27797 27794
27798 27797 27796
27799 27798 27796
27798 27799 27800
27800 27799 27801
27801 27799 27802
27803 27804 27805
27803 27805 27806
27807 27805 27804
27806 27808 27803
27803 27808 27809
27809 27810 27811
27810 27812 27811
27813 27811 27812
27814 27815 27807
27815 27814 27816
27817 27816 27814
27816 27817 27818
27817 27819 27818
27819 27817 27820
27820 27821 27819
27821 27820 27822
27823 27821 27822
27824 27821 27823
27825 27824 27823
27826 27824 27825
27824 27826 27827
27828 27827 27826
27828 27826 27829
27830 27828 27829
27828 27830 27831
27832 27050 27833
27834 27050 27832
27050 27834 27835
27835 27836 27050
27836 27835 27837
27838 27837 27835
27837 27838 27839
27840 27839 27838
27839 27840 27841
27834 27842 27835
27835 27842 27838
27838 27843 27840
27843 27838 27842
27842 27844 27843
27844 27842 27845
27845 27842 27834
27846 27843 27844
27843 27846 27847
27847 27840 27843
27848 27847 27846
27840 27847 27849
27849 27841 27840
27849 27847 27850
27850 27851 27849
27841 27849 27851
27851 27850 27852
27853 27847 27848
27850 27847 27853
27853 27848 27854
27850 27853 27855
27854 27848 27856
27857 27856 27848
27858 27850 27855
27850 27858 27859
27860 27850 27859
27860 27852 27850
27861 27852 27860
27862 27860 27859
27863 27860 27862
27863 27862 27864
27864 27865 27863
27860 27863 27865
27865 27864 27866
27866 27867 27865
27860 27867 27861
27867 27860 27865
27867 27866 27868
27869 27867 27868
27867 27869 27870
27871 27870 27869
27870 27871 27872
27873 27872 27871
27867 27874 27861
27874 27867 27870
27872 27874 27870
27861 27874 27875
27876 27875 27874
27874 27872 27876
27875 27876 27877
27872 27877 27876
27877 27872 27873
27878 27875 27877
27879 27877 27873
27879 27873 27880
27871 27880 27873
27881 27879 27880
27882 27879 27881
27878 27883 27882
27879 27882 27883
27877 27879 27883
27877 27883 27878
27882 27884 27878
27885 27882 27881
27885 27881 27886
27887 27885 27886
27888 27885 27887
27889 27888 27887
27889 27887 27890
27891 27889 27890
27892 27889 27891
27893 27892 27891
27893 27891 27894
27895 27893 27894
27894 27896 27895
27895 27896 27897
27897 27898 27895
27898 27893 27895
27898 27897 27899
27899 27900 27898
27892 27893 27900
27893 27898 27900
27900 27901 27892
27900 27899 27902
27901 27900 27902
27903 27892 27901
27889 27892 27903
27888 27889 27903
27903 27904 27888
27904 27903 27901
27902 27899 27905
27905 27899 27906
27906 27899 27907
27897 27907 27899
27907 27908 27906
27909 27906 27908
27906 27909 27910
27910 27905 27906
27910 27911 27905
27912 27910 27909
27913 27908 27907
27907 27897 27913
27908 27913 27914
27915 27914 27913
27896 27915 27913
27896 27913 27897
27908 27916 27909
27916 27908 27914
27916 27912 27909
27917 27916 27914
27914 27915 27917
27912 27916 27918
27910 27912 27918
27919 27918 27916
27917 27919 27916
27919 27920 27918
27918 27920 27921
27920 27922 27921
27911 27910 27923
27923 27910 27918
27924 27911 27923
27918 27924 27923
27922 27924 27921
27921 27924 27918
27911 27924 27925
27926 27925 27924
27924 27922 27926
27927 27926 27922
27927 27928 27926
27929 27928 27927
27930 27928 27929
27928 27930 27931
27931 27932 27928
27928 27932 27926
27925 27926 27932
27932 27931 27933
27448 27933 27931
27933 27448 27449
27449 27934 27933
27934 27449 27451
27451 27935 27934
27935 27451 27453
27936 27933 27934
27933 27936 27932
27934 27937 27936
27934 27935 27937
27448 27931 27938
27938 27931 27939
27940 27931 27930
27939 27931 27940
27448 27938 27941
27448 27941 27460
27453 27942 27935
27935 27942 27937
27942 27453 27943
27943 27453 27463
27943 27463 27464
27944 27943 27464
27944 27464 27945
27945 27464 27946
27947 27945 27946
27946 27948 27947
27948 27946 27949
27464 27949 27946
27949 27464 27471
27945 27947 27950
27950 27951 27945
27944 27945 27951
27943 27951 27942
27951 27943 27944
27952 27942 27951
27952 27951 27953
27951 27950 27953
27953 27954 27952
27954 27953 27955
27936 27952 27954
27954 27932 27936
27932 27954 27925
27925 27954 27955
27925 27955 27911
27911 27955 27956
27952 27936 27937
27942 27952 27937
27911 27956 27905
27957 27905 27956
27956 27958 27957
27958 27956 27959
27959 27955 27953
27955 27959 27956
27959 27960 27958
27960 27959 27961
27953 27961 27959
27961 27962 27960
27962 27961 27963
27963 27964 27962
27964 27963 27965
27966 27962 27964
27962 27966 27967
27967 27960 27962
27960 27967 27968
27968 27958 27960
27958 27968 27969
27969 27957 27958
27957 27969 27970
27970 27902 27957
27902 27905 27957
27902 27970 27901
27971 27967 27966
27967 27971 27972
27972 27968 27967
27971 27973 27972
27973 27971 27974
27975 27972 27973
27972 27975 27976
27968 27972 27976
27976 27969 27968
27977 27976 27975
27976 27977 27978
27969 27976 27978
27978 27970 27969
27979 27978 27977
27978 27979 27980
27970 27978 27980
27884 27980 27979
27980 27884 27904
27904 27970 27980
27970 27904 27901
27981 27904 27884
27974 27982 27973
27982 27974 27983
27983 27984 27982
27984 27983 27985
27986 27982 27984
27982 27986 27987
27988 27987 27986
27987 27988 27989
27990 27989 27988
27989 27990 27991
27875 27991 27990
27991 27875 27878
27987 27973 27982
27973 27987 27975
27989 27975 27987
27975 27989 27977
27991 27977 27989
27977 27991 27979
27878 27979 27991
27979 27878 27884
27990 27852 27875
27875 27852 27861
27852 27990 27851
27988 27851 27990
27851 27988 27841
27986 27841 27988
27841 27986 27839
27984 27839 27986
27839 27984 27837
27985 27837 27984
27837 27985 27836
27884 27882 27981
27882 27885 27981
27885 27888 27981
27904 27981 27888
27992 27993 27994
27995 27994 27993
27996 27994 27995
27994 27996 27997
27992 27998 27993
27999 27998 27992
27992 28000 27999
27997 27996 28001
28001 27996 28002
28002 28003 28001
28004 28003 28002
28005 28003 28004
28006 28005 28004
28007 28006 28004
28008 28007 28004
28009 28007 28008
28010 28011 28012
28012 28011 28013
28011 28014 28013
28015 28011 28010
28016 28017 28018
28019 28016 28018
28020 28021 28022
28021 28020 28023
28024 28020 28022
28020 28024 28025
28026 28025 28024
28025 28026 28027
28028 28029 28030
28029 28028 28031
28030 28032 28028
28032 28030 28033
28034 28032 28033
28032 28034 28035
28036 28037 28038
28037 28036 28039
28040 28041 28036
28042 28041 28040
28043 28044 28045
28044 28043 28046
28047 28046 28043
28046 28047 28048
28047 28049 28048
28049 28047 28050
28044 28051 28045
28051 28044 28052
28053 28051 28052
28051 28053 28054
28055 28056 28057
28056 28055 28058
28059 28058 28055
28058 28059 28060
28059 28061 28060
28061 28059 28062
28063 28064 28065
28066 28064 28063
28063 28067 28066
28063 28068 28067
28068 28063 28069
28065 28069 28063
28066 28070 28064
28070 28066 28071
28072 28066 28067
28068 28072 28067
28066 28072 28073
28073 28071 28066
28072 28068 28074
28071 28073 28075
28076 28075 28073
28075 28076 28077
28078 28077 28076
28076 28079 28078
28080 28078 28079
28078 28080 28081
28079 28076 28082
28073 28082 28076
28082 28073 28072
28074 28082 28072
28083 28081 28080
28081 28083 28084
28085 28080 28079
28080 28085 28086
28081 28087 28078
28077 28078 28087
28087 28081 28088
28084 28088 28081
28079 28089 28085
28089 28079 28082
28082 28074 28089
27101 28080 28086
28080 27101 28083
28088 28084 28090
28091 28092 28093
28092 28091 28094
28095 28096 28097
28098 28099 28100
28099 28098 28101
28100 28102 28098
28102 28100 28103
28103 28104 28102
28104 28103 28105
28105 28106 28104
28106 28105 28107
28107 28108 28106
28108 28107 28109
28110 28111 28112
28113 28114 28115
28114 28113 28116
28117 28118 28119
28118 28117 28120
28121 28122 28123
28122 28121 28124
28125 28126 28127
28126 28125 28128
28128 28129 28126
28129 28128 28130
28130 28131 28129
28131 28130 28132
28127 28133 28125
28133 28127 28134
28135 28136 28137
28135 28138 28136
28139 28140 28141
28140 28139 28142
28143 28144 28145
28144 28143 28146
28147 28148 28149
28148 28147 28150
28151 28149 28148
28149 28151 28152
28153 28152 28151
28152 28153 28154
28155 28150 28147
28150 28155 28156
28157 28158 28159
28158 28157 28160
28158 28161 28159
28161 28158 28162
28163 28164 28165
28164 28163 28166
28167 28168 28169
28168 28167 28170
27488 27473 27486
27473 27488 27472
27475 27486 27473
27486 27475 27483
27477 27483 27475
27482 27478 27490
27490 27478 27418
27965 27947 27948
27947 27965 27963
27963 27950 27947
27950 27963 27961
27961 27953 27950
28171 28172 28173
28174 28172 28171
28172 28174 28175
28176 28175 28174
28175 28176 28177
28178 28177 28176
28177 28178 28179
28180 28179 28178
28179 28180 28181
28180 28182 28181
28182 28180 28183
28171 28173 28184
28183 28185 28182
28183 28186 28185
28186 28187 28185
28188 28187 28186
28187 28188 28189
28188 28190 28189
28190 28188 28191
28190 28191 28192
28190 28192 28193
28194 28193 28192
28194 28192 28195
28196 28194 28195
28194 28196 28197
28196 28198 28197
28198 28196 28199
28200 28198 28199
28201 28200 28199
28201 28202 28200
28203 28202 28201
28202 28203 28204
28203 28205 28204
28205 28203 28206
28206 28207 28205
28207 28206 28208
28208 28209 28207
28209 28208 28210
28210 28211 28209
28211 28210 28212
28213 28211 28212
28214 28213 28212
28214 28215 28213
28212 28216 28214
28217 28218 28219
28218 28217 28220
28221 28220 28217
28220 28221 28222
28221 28223 28222
28223 28221 28224
28224 28225 28223
28225 28224 28226
28227 28228 28229
28227 28230 28228
28227 28231 28230
28230 28232 28228
28233 28234 28232
28234 28233 28235
28231 28235 28233
28236 28237 28238
28238 28239 28236
28239 28238 28240
28241 28237 28242
28243 28241 28242
28243 28240 28241
28242 28244 28243
28184 28245 28171
28173 28246 28184
